0 1 2 100000 7 100000 100000 100000 100000 100000 100000 100000 100000
100000 0 3 3 5 100000 100000 100000 100000 100000 100000 100000 100000
100000 100000 0 100000 100000 100000 100000 100000 100000 100000 100000 100000 100000
100000 100000 100000 0 -1 100000 4 100000 100000 100000 100000 100000 100000
100000 100000 100000 100000 0 3 100000 100000 100000 100000 100000 100000 100000
100000 100000 100000 -1 -2 0 100000 -1 2 100000 100000 100000 100000
100000 100000 100000 100000 100000 100000 0 3 1 100000 100000 100000 100000
100000 100000 100000 100000 100000 100000 -2 0 100000 2 5 100000 100000
100000 100000 100000 100000 100000 100000 100000 2 0 100000 4 100000 100000
100000 100000 100000 100000 100000 100000 100000 100000 100000 0 -1 1 1
100000 100000 100000 100000 100000 100000 100000 100000 100000 100000 0 -1 -1
100000 100000 100000 100000 100000 100000 100000 100000 100000 2 100000 0 1
100000 100000 100000 100000 100000 100000 100000 100000 100000 100000 100000 100000 0